==================================================================
GPU 0: NVIDIA GeForce RTX 3060 Ti
     Multi-Processor Count: 38
     Max Threads Per Multi-Processor: 1536
     Warp Size: 32
     Max Threads Per Block: 1024
     Compute Capability: 8.6
     Number of Multi-Processors: 38
     Number of CUDA Cores Per SM: 128
     Total Number of CUDA Cores: 4864

CPU: 12th Gen Intel(R) Core(TM) i9-12900
     Number of Physical Cores: 16
     Number of Logical Cores: 24

Visual Studio: 2022 (v143), MSC_VER: 1944
CUDA Version: 12.5
==================================================================
transSetFile: data/small/connect.txt
dimension: 129
transNum: 67557
itemIDmin: 1
itemIDmax: 24
transLengthMin: 43
transLengthMax: 43
transLengthMean: 43

supportThreshold: 0.85

dimensionReduced: 25
transNumReduced: 67557
transLengthReducedMin: 21
transLengthReducedMax: 25
transLengthReducedMean: 23.8846

GPUtaskPercentage: 2.04913%
==================================================================
preprocessing_time(s): 0.005
computation_time(s): 0.0853919
total_time(s): 0.0903919

MFIsNumber: 454
============================List of MFIs:=============================
1th: 13 { 127 124 109 106 91 88 85 75 72 55 37 19 16 }   support: 0.873766  frequency: 59029
2th: 13 { 127 124 109 106 91 88 85 75 72 55 37 34 19 }   support: 0.872833  frequency: 58966
3th: 13 { 127 124 109 106 91 88 85 75 72 55 52 37 19 }   support: 0.871901  frequency: 58903
4th: 13 { 127 124 109 106 103 91 88 85 75 72 55 37 19 }   support: 0.870731  frequency: 58824
5th: 13 { 127 124 109 106 91 88 75 72 55 37 34 19 16 }   support: 0.868437  frequency: 58669
6th: 13 { 127 124 109 106 91 88 75 72 55 52 37 19 16 }   support: 0.867504  frequency: 58606
7th: 13 { 127 124 109 106 91 88 75 72 55 52 37 34 19 }   support: 0.866572  frequency: 58543
8th: 13 { 127 124 109 106 103 91 88 75 72 55 37 19 16 }   support: 0.866335  frequency: 58527
9th: 13 { 127 124 109 106 103 91 88 75 72 55 37 34 19 }   support: 0.865403  frequency: 58464
10th: 13 { 127 124 109 106 103 91 88 75 72 55 52 37 19 }   support: 0.86447  frequency: 58401
11th: 13 { 127 124 109 106 91 88 85 75 55 37 34 19 16 }   support: 0.864381  frequency: 58395
12th: 13 { 127 124 121 109 106 91 88 85 75 72 55 37 19 }   support: 0.864381  frequency: 58395
13th: 13 { 127 124 109 106 91 88 85 75 55 52 37 19 16 }   support: 0.863449  frequency: 58332
14th: 13 { 127 124 109 106 91 88 85 75 55 52 37 34 19 }   support: 0.862516  frequency: 58269
15th: 13 { 127 124 109 106 103 91 88 85 75 55 37 19 16 }   support: 0.862279  frequency: 58253
16th: 13 { 127 124 109 106 103 91 88 85 75 55 37 34 19 }   support: 0.861347  frequency: 58190
17th: 13 { 127 124 109 106 103 91 88 85 75 55 52 37 19 }   support: 0.860414  frequency: 58127
18th: 12 { 127 109 106 103 91 88 75 72 69 55 37 19 }   support: 0.860192  frequency: 58112
19th: 13 { 127 124 121 109 106 91 88 75 72 55 37 19 16 }   support: 0.859985  frequency: 58098
20th: 12 { 127 124 109 106 91 88 75 55 37 19 16 13 }   support: 0.859452  frequency: 58062
21th: 12 { 127 124 121 109 91 88 75 55 52 37 19 16 }   support: 0.859289  frequency: 58051
22th: 13 { 127 124 121 109 106 91 88 75 72 55 37 34 19 }   support: 0.859052  frequency: 58035
23th: 11 { 127 109 91 88 85 75 55 37 19 16 13 }   support: 0.858579  frequency: 58003
24th: 12 { 127 124 121 109 91 88 75 55 52 37 34 19 }   support: 0.858357  frequency: 57988
25th: 13 { 127 124 109 106 91 88 75 55 52 37 34 19 16 }   support: 0.85812  frequency: 57972
26th: 13 { 127 124 121 109 106 91 88 75 72 55 52 37 19 }   support: 0.85812  frequency: 57972
27th: 12 { 127 124 109 91 75 72 55 52 37 34 19 16 }   support: 0.857987  frequency: 57963
28th: 12 { 127 124 121 109 106 91 75 55 52 37 19 16 }   support: 0.857735  frequency: 57946
29th: 13 { 127 109 106 91 88 85 75 72 55 37 34 19 16 }   support: 0.857735  frequency: 57946
30th: 10 { 127 124 109 91 75 37 34 19 16 13 }   support: 0.857528  frequency: 57932
31th: 9 { 127 124 109 106 103 100 91 75 72 }   support: 0.857454  frequency: 57927
32th: 12 { 127 109 106 103 91 75 72 55 52 37 19 16 }   support: 0.857439  frequency: 57926
33th: 11 { 127 109 106 91 88 75 55 52 49 37 19 }   support: 0.85735  frequency: 57920
34th: 11 { 127 124 109 106 91 75 72 55 19 16 13 }   support: 0.85732  frequency: 57918
35th: 12 { 127 124 121 109 106 91 88 75 55 52 19 16 }   support: 0.857291  frequency: 57916
36th: 11 { 127 124 109 106 91 75 72 37 19 16 13 }   support: 0.857291  frequency: 57916
37th: 10 { 127 109 106 103 91 75 55 19 16 13 }   support: 0.857217  frequency: 57911
38th: 10 { 127 109 91 75 72 55 52 49 37 19 }   support: 0.857217  frequency: 57911
39th: 10 { 127 109 106 103 91 75 72 69 19 16 }   support: 0.857202  frequency: 57910
40th: 10 { 127 109 106 103 91 75 37 19 16 13 }   support: 0.857187  frequency: 57909
41th: 11 { 127 124 121 109 91 75 72 55 52 19 16 }   support: 0.857158  frequency: 57907
42th: 12 { 127 109 106 91 88 85 82 75 55 37 19 16 }   support: 0.857098  frequency: 57903
43th: 12 { 127 124 109 106 103 91 75 72 69 55 37 19 }   support: 0.857084  frequency: 57902
44th: 12 { 127 109 91 88 85 75 55 52 37 34 19 16 }   support: 0.857039  frequency: 57899
45th: 12 { 127 109 106 103 91 88 75 72 55 52 19 16 }   support: 0.856995  frequency: 57896
46th: 13 { 127 124 109 106 103 91 88 75 55 37 34 19 16 }   support: 0.85695  frequency: 57893
47th: 13 { 127 124 121 109 106 103 91 88 75 72 55 37 19 }   support: 0.85695  frequency: 57893
48th: 9 { 127 124 121 109 91 75 19 16 13 }   support: 0.856936  frequency: 57892
49th: 11 { 127 124 109 106 91 88 75 72 19 16 13 }   support: 0.856847  frequency: 57886
50th: 9 { 127 109 106 103 100 91 88 85 75 }   support: 0.856847  frequency: 57886
51th: 10 { 127 109 91 88 75 72 55 52 49 37 }   support: 0.856802  frequency: 57883
52th: 13 { 127 109 106 91 88 85 75 72 55 52 37 19 16 }   support: 0.856802  frequency: 57883
53th: 12 { 127 124 121 109 106 91 75 55 52 37 34 19 }   support: 0.856802  frequency: 57883
54th: 10 { 127 109 91 88 75 72 55 52 49 19 }   support: 0.856773  frequency: 57881
55th: 11 { 127 109 91 88 85 75 72 69 55 52 37 }   support: 0.856758  frequency: 57880
56th: 10 { 127 109 106 103 91 88 75 19 16 13 }   support: 0.856743  frequency: 57879
57th: 11 { 127 109 91 88 85 75 72 69 55 52 19 }   support: 0.856728  frequency: 57878
58th: 12 { 127 124 109 106 103 91 88 75 72 69 55 37 }   support: 0.856669  frequency: 57874
59th: 12 { 127 124 109 106 103 91 88 75 72 69 55 19 }   support: 0.85664  frequency: 57872
60th: 8 { 127 124 121 118 109 91 75 55 }   support: 0.85664  frequency: 57872
61th: 10 { 127 124 109 91 75 55 52 19 16 13 }   support: 0.856625  frequency: 57871
62th: 12 { 127 124 109 106 103 91 88 75 72 69 37 19 }   support: 0.85661  frequency: 57870
63th: 8 { 127 124 121 118 109 91 75 37 }   support: 0.85661  frequency: 57870
64th: 8 { 127 124 121 118 109 91 75 19 }   support: 0.85658  frequency: 57868
65th: 11 { 127 109 106 91 88 85 75 55 19 16 13 }   support: 0.85658  frequency: 57868
66th: 12 { 127 124 121 109 106 103 91 75 55 37 19 16 }   support: 0.856566  frequency: 57867
67th: 11 { 127 109 106 91 88 85 75 72 69 19 16 }   support: 0.856566  frequency: 57867
68th: 10 { 127 124 109 91 88 85 75 37 34 31 }   support: 0.856551  frequency: 57866
69th: 11 { 127 109 106 91 88 85 75 37 19 16 13 }   support: 0.856551  frequency: 57866
70th: 11 { 127 109 91 88 85 82 75 72 55 19 16 }   support: 0.856521  frequency: 57864
71th: 12 { 127 109 106 103 91 75 72 55 52 37 34 19 }   support: 0.856506  frequency: 57863
72th: 11 { 127 109 91 88 85 82 75 72 37 19 16 }   support: 0.856492  frequency: 57862
73th: 13 { 127 124 109 106 91 88 85 75 72 69 55 37 19 }   support: 0.856447  frequency: 57859
74th: 9 { 127 109 91 75 55 52 49 19 16 }   support: 0.856388  frequency: 57855
75th: 12 { 127 124 121 109 106 91 88 75 55 52 37 34 }   support: 0.856388  frequency: 57855
76th: 11 { 127 109 91 88 75 72 55 37 34 31 19 }   support: 0.856329  frequency: 57851
77th: 10 { 127 109 106 103 91 75 72 69 37 34 }   support: 0.856299  frequency: 57849
78th: 11 { 127 124 121 109 91 75 72 55 52 37 34 }   support: 0.856255  frequency: 57846
79th: 13 { 127 124 109 91 88 85 75 72 55 37 34 19 16 }   support: 0.856181  frequency: 57841
80th: 12 { 127 109 106 91 88 85 82 75 55 37 34 19 }   support: 0.856166  frequency: 57840
81th: 8 { 127 124 121 118 109 91 88 75 }   support: 0.856166  frequency: 57840
82th: 12 { 127 124 121 109 106 103 91 88 75 55 19 16 }   support: 0.856121  frequency: 57837
83th: 12 { 127 109 106 103 91 88 75 72 55 52 37 34 }   support: 0.856092  frequency: 57835
84th: 12 { 127 124 121 109 106 103 91 88 75 37 19 16 }   support: 0.856092  frequency: 57835
85th: 13 { 127 124 109 106 103 91 88 75 55 52 37 19 16 }   support: 0.856018  frequency: 57830
86th: 10 { 127 109 91 88 85 75 72 19 16 13 }   support: 0.855973  frequency: 57827
87th: 10 { 127 109 91 75 55 37 34 31 19 16 }   support: 0.855944  frequency: 57825
88th: 13 { 127 124 121 109 106 91 88 85 75 55 37 19 16 }   support: 0.855929  frequency: 57824
89th: 13 { 127 109 106 91 88 85 75 72 55 52 37 34 19 }   support: 0.85587  frequency: 57820
90th: 11 { 127 124 109 91 88 75 55 52 49 37 19 }   support: 0.855796  frequency: 57815
91th: 11 { 127 109 106 91 88 85 75 72 69 37 34 }   support: 0.855663  frequency: 57806
92th: 12 { 127 124 121 109 106 103 91 75 55 37 34 19 }   support: 0.855633  frequency: 57804
93th: 13 { 127 109 106 103 91 88 85 75 72 55 37 19 16 }   support: 0.855633  frequency: 57804
94th: 11 { 127 109 91 88 85 82 75 72 55 37 34 }   support: 0.855618  frequency: 57803
95th: 11 { 127 109 91 88 85 82 75 72 37 34 19 }   support: 0.855559  frequency: 57799
96th: 12 { 127 124 109 91 88 85 82 75 55 37 19 16 }   support: 0.855544  frequency: 57798
97th: 11 { 127 109 106 103 100 91 88 75 55 37 19 }   support: 0.855515  frequency: 57796
98th: 9 { 127 109 91 75 55 52 49 37 34 }   support: 0.855485  frequency: 57794
99th: 10 { 127 109 91 88 75 37 34 31 19 16 }   support: 0.85547  frequency: 57793
100th: 10 { 127 109 106 103 91 75 72 69 55 52 }   support: 0.855396  frequency: 57788
101th: 12 { 127 124 121 109 91 88 85 75 72 55 19 16 }   support: 0.855352  frequency: 57785
102th: 12 { 127 124 121 109 91 88 85 75 72 37 19 16 }   support: 0.855322  frequency: 57783
103th: 12 { 127 109 106 91 88 85 82 75 55 52 37 19 }   support: 0.855293  frequency: 57781
104th: 10 { 127 109 106 91 75 72 55 52 49 37 }   support: 0.855248  frequency: 57778
105th: 13 { 127 124 109 91 88 85 75 72 55 52 37 19 16 }   support: 0.855248  frequency: 57778
106th: 12 { 127 124 121 109 106 103 91 88 75 55 37 34 }   support: 0.855219  frequency: 57776
107th: 10 { 127 109 106 91 75 72 55 52 49 19 }   support: 0.855219  frequency: 57776
108th: 12 { 127 124 121 109 106 103 91 88 75 37 34 19 }   support: 0.855159  frequency: 57772
109th: 13 { 127 124 109 106 103 91 88 75 55 52 37 34 19 }   support: 0.855085  frequency: 57767
110th: 11 { 127 124 109 91 88 85 75 55 19 16 13 }   support: 0.855026  frequency: 57763
111th: 11 { 127 124 109 91 88 85 75 72 69 19 16 }   support: 0.855011  frequency: 57762
112th: 11 { 127 124 109 91 88 85 75 37 19 16 13 }   support: 0.854997  frequency: 57761
113th: 13 { 127 124 121 109 106 91 88 85 75 55 37 34 19 }   support: 0.854997  frequency: 57761
114th: 10 { 127 109 106 91 88 75 72 55 52 49 }   support: 0.854804  frequency: 57748
115th: 12 { 127 124 109 106 103 91 75 72 37 34 19 16 }   support: 0.854789  frequency: 57747
116th: 9 { 127 109 91 88 85 82 75 72 69 }   support: 0.854789  frequency: 57747
117th: 11 { 127 109 106 91 75 72 55 37 34 31 19 }   support: 0.854774  frequency: 57746
118th: 11 { 127 109 106 91 88 85 75 72 69 55 52 }   support: 0.85476  frequency: 57745
119th: 11 { 127 109 91 88 85 82 75 72 55 52 37 }   support: 0.854745  frequency: 57744
120th: 11 { 127 109 91 88 85 82 75 72 55 52 19 }   support: 0.854715  frequency: 57742
121th: 12 { 127 124 121 109 106 103 91 75 55 52 37 19 }   support: 0.8547  frequency: 57741
122th: 13 { 127 109 106 103 91 88 85 75 72 55 37 34 19 }   support: 0.8547  frequency: 57741
123th: 8 { 127 124 121 118 109 106 91 75 }   support: 0.854612  frequency: 57735
124th: 12 { 127 124 109 91 88 85 82 75 55 37 34 19 }   support: 0.854612  frequency: 57735
125th: 10 { 127 124 109 91 55 37 34 19 16 13 }   support: 0.854552  frequency: 57731
126th: 11 { 127 109 106 91 88 85 82 75 72 19 16 }   support: 0.854493  frequency: 57727
127th: 12 { 127 124 121 109 91 88 85 75 72 55 37 34 }   support: 0.854449  frequency: 57724
128th: 12 { 127 124 121 109 91 88 85 75 72 37 34 19 }   support: 0.85439  frequency: 57720
129th: 11 { 127 109 106 91 88 75 72 55 37 34 31 }   support: 0.85436  frequency: 57718
130th: 13 { 127 124 109 91 88 85 75 72 55 52 37 34 19 }   support: 0.854316  frequency: 57715
131th: 11 { 127 109 106 91 88 75 72 37 34 31 19 }   support: 0.854301  frequency: 57714
132th: 12 { 127 124 121 109 106 103 91 88 75 55 52 37 }   support: 0.854286  frequency: 57713
133th: 12 { 127 124 121 109 106 91 88 55 52 37 19 16 }   support: 0.854286  frequency: 57713
134th: 12 { 127 124 121 109 106 103 91 88 75 55 52 19 }   support: 0.854256  frequency: 57711
135th: 11 { 127 124 109 106 91 75 55 52 49 37 19 }   support: 0.854242  frequency: 57710
136th: 10 { 127 109 106 103 91 55 37 19 16 13 }   support: 0.854212  frequency: 57708
137th: 13 { 127 124 109 106 91 88 85 82 75 72 55 37 19 }   support: 0.854182  frequency: 57706
138th: 12 { 127 109 106 103 91 88 85 82 75 55 37 19 }   support: 0.854153  frequency: 57704
139th: 13 { 127 124 109 106 91 88 85 75 72 37 34 19 16 }   support: 0.854153  frequency: 57704
140th: 11 { 127 124 109 91 88 85 75 72 69 37 34 }   support: 0.854108  frequency: 57701
141th: 10 { 127 109 91 75 55 52 37 34 31 19 }   support: 0.854079  frequency: 57699
142th: 10 { 127 124 109 91 88 37 34 19 16 13 }   support: 0.854079  frequency: 57699
143th: 13 { 127 124 121 109 106 91 88 85 75 55 52 37 19 }   support: 0.854064  frequency: 57698
144th: 9 { 127 124 109 91 88 85 55 52 49 }   support: 0.854049  frequency: 57697
145th: 11 { 127 124 121 109 106 103 91 75 72 19 16 }   support: 0.85396  frequency: 57691
146th: 9 { 127 124 121 109 91 55 19 16 13 }   support: 0.85396  frequency: 57691
147th: 11 { 127 124 121 109 91 88 85 82 75 55 37 }   support: 0.85396  frequency: 57691
148th: 9 { 127 124 121 109 91 37 19 16 13 }   support: 0.853931  frequency: 57689
149th: 11 { 127 124 121 109 91 88 85 82 75 55 19 }   support: 0.853931  frequency: 57689
150th: 10 { 127 109 106 91 75 37 34 31 19 16 }   support: 0.853916  frequency: 57688
151th: 11 { 127 124 121 109 91 88 85 82 75 37 19 }   support: 0.853901  frequency: 57687
152th: 12 { 127 124 109 106 103 91 75 72 55 52 19 16 }   support: 0.853886  frequency: 57686
153th: 9 { 127 109 106 103 100 91 88 85 55 }   support: 0.853872  frequency: 57685
154th: 9 { 127 109 106 103 100 91 88 85 37 }   support: 0.853842  frequency: 57683
155th: 12 { 127 109 106 103 91 88 85 75 37 34 19 16 }   support: 0.853842  frequency: 57683
156th: 11 { 127 124 109 106 91 88 75 55 52 49 37 }   support: 0.853827  frequency: 57682
157th: 9 { 127 109 106 103 100 91 88 85 19 }   support: 0.853812  frequency: 57681
158th: 11 { 127 124 109 106 91 88 75 55 52 49 19 }   support: 0.853798  frequency: 57680
159th: 10 { 127 109 106 103 91 88 55 19 16 13 }   support: 0.853768  frequency: 57678
160th: 13 { 127 109 106 103 91 88 85 75 72 55 52 37 19 }   support: 0.853768  frequency: 57678
161th: 12 { 127 124 109 91 88 85 82 75 55 52 37 19 }   support: 0.853738  frequency: 57676
162th: 10 { 127 109 106 103 91 88 37 19 16 13 }   support: 0.853738  frequency: 57676
163th: 11 { 127 109 91 75 72 69 55 37 34 19 16 }   support: 0.853709  frequency: 57674
164th: 10 { 127 124 109 91 75 72 55 52 49 37 }   support: 0.853694  frequency: 57673
165th: 10 { 127 124 109 91 75 72 55 52 49 19 }   support: 0.853664  frequency: 57671
166th: 10 { 127 109 91 88 75 55 52 37 34 31 }   support: 0.853664  frequency: 57671
167th: 10 { 127 124 109 106 103 91 75 19 16 13 }   support: 0.853635  frequency: 57669
168th: 8 { 127 124 121 118 109 91 55 37 }   support: 0.853635  frequency: 57669
169th: 10 { 127 124 109 91 55 52 37 19 16 13 }   support: 0.85362  frequency: 57668
170th: 8 { 127 124 121 118 109 91 55 19 }   support: 0.853605  frequency: 57667
171th: 11 { 127 109 106 91 88 85 82 75 72 37 34 }   support: 0.85359  frequency: 57666
172th: 11 { 127 109 106 103 91 88 85 75 72 69 55 }   support: 0.85359  frequency: 57666
173th: 8 { 127 124 121 118 109 91 37 19 }   support: 0.853575  frequency: 57665
174th: 10 { 127 124 109 91 88 85 55 37 34 31 }   support: 0.853575  frequency: 57665
175th: 11 { 127 109 106 91 88 85 55 37 19 16 13 }   support: 0.853575  frequency: 57665
176th: 11 { 127 109 106 103 91 88 85 75 72 69 37 }   support: 0.853561  frequency: 57664
177th: 12 { 127 124 109 106 91 88 85 82 75 55 19 16 }   support: 0.853546  frequency: 57663
178th: 11 { 127 109 106 103 91 88 85 75 72 69 19 }   support: 0.853531  frequency: 57662
179th: 12 { 127 124 109 106 91 88 85 82 75 37 19 16 }   support: 0.853516  frequency: 57661
180th: 10 { 127 124 109 91 88 85 37 34 31 19 }   support: 0.853516  frequency: 57661
181th: 12 { 127 124 121 109 91 88 85 75 72 55 52 37 }   support: 0.853516  frequency: 57661
182th: 12 { 127 124 121 109 91 88 85 75 72 55 52 19 }   support: 0.853487  frequency: 57659
183th: 9 { 127 124 121 109 91 88 19 16 13 }   support: 0.853487  frequency: 57659
184th: 10 { 127 109 106 103 100 91 75 72 55 37 }   support: 0.853413  frequency: 57654
185th: 9 { 127 109 91 55 52 49 37 19 16 }   support: 0.853383  frequency: 57652
186th: 10 { 127 109 106 103 100 91 75 72 55 19 }   support: 0.853383  frequency: 57652
187th: 12 { 127 124 121 109 106 91 88 55 52 37 34 19 }   support: 0.853353  frequency: 57650
188th: 10 { 127 109 106 103 100 91 75 72 37 19 }   support: 0.853353  frequency: 57650
189th: 12 { 127 124 109 106 91 88 75 55 37 34 31 19 }   support: 0.853353  frequency: 57650
190th: 12 { 127 124 121 109 106 91 88 85 75 72 19 16 }   support: 0.853324  frequency: 57648
191th: 10 { 127 124 121 109 91 88 85 75 72 69 }   support: 0.853279  frequency: 57645
192th: 13 { 127 124 109 106 91 88 85 75 72 55 52 19 16 }   support: 0.85325  frequency: 57643
193th: 10 { 127 124 109 91 88 75 72 55 52 49 }   support: 0.85325  frequency: 57643
194th: 11 { 127 109 91 88 75 72 69 37 34 19 16 }   support: 0.853235  frequency: 57642
195th: 11 { 127 124 109 91 75 72 55 37 34 31 19 }   support: 0.85322  frequency: 57641
196th: 11 { 127 124 109 91 88 85 75 72 69 55 52 }   support: 0.853205  frequency: 57640
197th: 8 { 127 124 121 118 109 91 88 55 }   support: 0.853191  frequency: 57639
198th: 10 { 127 124 109 91 88 55 52 19 16 13 }   support: 0.853176  frequency: 57638
199th: 8 { 127 124 121 118 109 91 88 37 }   support: 0.853161  frequency: 57637
200th: 8 { 127 124 121 118 109 91 88 19 }   support: 0.853131  frequency: 57635
201th: 12 { 127 124 121 109 106 103 91 88 55 37 19 16 }   support: 0.853117  frequency: 57634
202th: 11 { 127 124 121 109 106 103 91 75 72 37 34 }   support: 0.853057  frequency: 57630
203th: 11 { 127 109 91 88 75 55 37 34 19 16 13 }   support: 0.853043  frequency: 57629
204th: 11 { 127 124 109 106 91 88 85 75 19 16 13 }   support: 0.852998  frequency: 57626
205th: 12 { 127 124 109 106 103 91 75 72 55 52 37 34 }   support: 0.852983  frequency: 57625
206th: 10 { 127 109 91 88 85 75 55 52 49 37 }   support: 0.852983  frequency: 57625
207th: 10 { 127 109 106 103 100 91 88 75 72 55 }   support: 0.852969  frequency: 57624
208th: 10 { 127 109 91 88 85 75 55 52 49 19 }   support: 0.852954  frequency: 57623
209th: 11 { 127 124 109 91 88 85 82 75 72 19 16 }   support: 0.852939  frequency: 57622
210th: 12 { 127 109 106 103 91 88 85 75 55 52 19 16 }   support: 0.852939  frequency: 57622
211th: 10 { 127 109 106 103 100 91 88 75 72 37 }   support: 0.852939  frequency: 57622
212th: 9 { 127 109 91 88 55 52 49 19 16 }   support: 0.852939  frequency: 57622
213th: 10 { 127 109 106 103 100 91 88 75 72 19 }   support: 0.852909  frequency: 57620
214th: 13 { 127 124 121 109 106 103 91 88 85 75 55 37 19 }   support: 0.852895  frequency: 57619
215th: 11 { 127 124 109 91 88 75 72 55 37 34 31 }   support: 0.852806  frequency: 57613
216th: 12 { 127 109 106 91 88 75 72 55 37 19 16 13 }   support: 0.852806  frequency: 57613
217th: 11 { 127 109 91 75 72 69 55 52 37 19 16 }   support: 0.852776  frequency: 57611
218th: 11 { 127 109 106 91 88 85 82 75 72 55 52 }   support: 0.852747  frequency: 57609
219th: 11 { 127 124 109 91 88 75 72 37 34 31 19 }   support: 0.852747  frequency: 57609
220th: 9 { 127 109 106 103 100 91 75 19 16 }   support: 0.852717  frequency: 57607
221th: 11 { 127 109 106 103 91 55 52 37 34 19 16 }   support: 0.852673  frequency: 57604
222th: 12 { 127 124 109 106 91 88 85 82 75 55 37 34 }   support: 0.852643  frequency: 57602
223th: 12 { 127 124 109 106 91 88 85 82 75 37 34 19 }   support: 0.852584  frequency: 57598
224th: 10 { 127 124 109 106 91 37 34 19 16 13 }   support: 0.852525  frequency: 57594
225th: 7 { 127 109 91 75 72 69 66 }   support: 0.852495  frequency: 57592
226th: 10 { 127 109 91 88 55 37 34 31 19 16 }   support: 0.852495  frequency: 57592
227th: 11 { 127 109 91 88 85 75 55 37 34 31 19 }   support: 0.85248  frequency: 57591
228th: 9 { 127 109 91 55 52 49 37 34 19 }   support: 0.852451  frequency: 57589
229th: 12 { 127 124 121 109 106 91 88 85 75 72 37 34 }   support: 0.852421  frequency: 57587
230th: 11 { 127 124 109 106 103 100 91 75 55 37 19 }   support: 0.852406  frequency: 57586
231th: 10 { 127 124 109 91 75 37 34 31 19 16 }   support: 0.852362  frequency: 57583
232th: 13 { 127 124 109 106 91 88 85 75 72 55 52 37 34 }   support: 0.852347  frequency: 57582
233th: 11 { 127 109 91 88 75 72 69 55 52 19 16 }   support: 0.852332  frequency: 57581
234th: 12 { 127 124 121 109 91 88 75 72 69 55 37 19 }   support: 0.852288  frequency: 57578
235th: 9 { 127 124 109 106 103 91 37 34 31 }   support: 0.852214  frequency: 57573
236th: 12 { 127 124 121 109 106 103 91 88 55 37 34 19 }   support: 0.852184  frequency: 57571
237th: 11 { 127 124 121 109 106 103 91 75 72 55 52 }   support: 0.852154  frequency: 57569
238th: 11 { 127 109 91 88 75 55 52 37 19 16 13 }   support: 0.85211  frequency: 57566
239th: 10 { 127 109 106 91 75 55 52 37 34 31 }   support: 0.85211  frequency: 57566
240th: 13 { 127 124 109 106 103 91 88 85 75 72 55 19 16 }   support: 0.85208  frequency: 57564
241th: 13 { 127 124 109 106 103 91 88 85 75 72 37 19 16 }   support: 0.852051  frequency: 57562
242th: 13 { 127 124 109 106 91 88 75 72 69 55 37 19 16 }   support: 0.852051  frequency: 57562
243th: 12 { 127 109 106 91 88 85 55 52 37 34 19 16 }   support: 0.852036  frequency: 57561
244th: 12 { 127 109 106 103 91 88 85 75 55 52 37 34 }   support: 0.852036  frequency: 57561
245th: 11 { 127 124 109 91 88 85 82 75 72 37 34 }   support: 0.852036  frequency: 57561
246th: 9 { 127 109 91 88 55 52 49 37 34 }   support: 0.852036  frequency: 57561
247th: 11 { 127 124 109 91 88 85 55 37 19 16 13 }   support: 0.852021  frequency: 57560
248th: 11 { 127 124 109 106 103 100 91 88 75 55 37 }   support: 0.851992  frequency: 57558
249th: 11 { 127 124 109 106 103 100 91 88 75 55 19 }   support: 0.851962  frequency: 57556
250th: 11 { 127 124 121 109 106 91 88 85 82 75 55 }   support: 0.851962  frequency: 57556
251th: 11 { 127 124 121 109 106 91 88 85 82 75 37 }   support: 0.851932  frequency: 57554
252th: 11 { 127 124 109 106 103 100 91 88 75 37 19 }   support: 0.851932  frequency: 57554
253th: 9 { 127 124 121 109 106 91 19 16 13 }   support: 0.851932  frequency: 57554
254th: 10 { 127 109 91 88 85 82 37 34 19 16 }   support: 0.851918  frequency: 57553
255th: 11 { 127 124 121 109 106 91 88 85 82 75 19 }   support: 0.851903  frequency: 57552
256th: 9 { 127 109 106 103 100 91 75 37 34 }   support: 0.851873  frequency: 57550
257th: 11 { 127 109 91 75 72 69 55 52 37 34 19 }   support: 0.851844  frequency: 57548
258th: 12 { 127 124 109 106 91 88 85 82 75 55 52 37 }   support: 0.85177  frequency: 57543
259th: 12 { 127 124 109 106 91 88 85 82 75 55 52 19 }   support: 0.85174  frequency: 57541
260th: 10 { 127 124 109 106 91 75 72 55 52 49 }   support: 0.851696  frequency: 57538
261th: 11 { 127 109 106 91 75 72 69 37 34 19 16 }   support: 0.851681  frequency: 57537
262th: 9 { 127 109 106 103 91 75 55 52 49 }   support: 0.851636  frequency: 57534
263th: 8 { 127 124 121 118 109 106 91 55 }   support: 0.851636  frequency: 57534
264th: 10 { 127 124 109 106 91 55 52 19 16 13 }   support: 0.851622  frequency: 57533
265th: 11 { 127 109 106 103 91 88 85 82 75 72 55 }   support: 0.851607  frequency: 57532
266th: 8 { 127 124 121 118 109 106 91 37 }   support: 0.851607  frequency: 57532
267th: 11 { 127 109 106 103 91 88 85 82 75 72 37 }   support: 0.851577  frequency: 57530
268th: 8 { 127 124 121 118 109 106 91 19 }   support: 0.851577  frequency: 57530
269th: 11 { 127 109 106 103 91 88 85 82 75 72 19 }   support: 0.851548  frequency: 57528
270th: 10 { 127 124 109 106 91 88 85 37 34 31 }   support: 0.851548  frequency: 57528
271th: 12 { 127 124 121 109 106 91 88 85 75 72 55 52 }   support: 0.851518  frequency: 57526
272th: 11 { 127 109 106 91 75 55 37 34 19 16 13 }   support: 0.851488  frequency: 57524
273th: 13 { 127 109 106 91 88 75 72 55 52 37 34 19 16 }   support: 0.851474  frequency: 57523
274th: 11 { 127 109 91 88 75 72 69 55 52 37 34 }   support: 0.851429  frequency: 57520
275th: 9 { 127 109 106 91 55 52 49 19 16 }   support: 0.851385  frequency: 57517
276th: 10 { 127 124 121 109 91 88 85 82 75 72 }   support: 0.851355  frequency: 57515
277th: 9 { 109 91 75 72 55 52 19 16 13 }   support: 0.85134  frequency: 57514
278th: 9 { 109 91 88 85 55 52 49 37 19 }   support: 0.851311  frequency: 57512
279th: 11 { 127 124 121 91 88 75 72 37 34 19 16 }   support: 0.851296  frequency: 57511
280th: 11 { 109 106 103 91 88 85 55 52 37 19 16 }   support: 0.851296  frequency: 57511
281th: 9 { 127 91 75 72 55 52 19 16 13 }   support: 0.851281  frequency: 57510
282th: 9 { 109 91 88 85 75 72 37 34 31 }   support: 0.851266  frequency: 57509
283th: 12 { 127 124 109 91 88 75 72 55 37 19 16 13 }   support: 0.851252  frequency: 57508
284th: 9 { 127 91 88 85 55 52 49 37 19 }   support: 0.851252  frequency: 57508
285th: 11 { 127 124 109 106 91 75 72 55 37 34 31 }   support: 0.851252  frequency: 57508
286th: 12 { 127 124 121 109 106 103 91 88 55 52 37 19 }   support: 0.851252  frequency: 57508
287th: 7 { 109 106 103 55 52 49 37 }   support: 0.851237  frequency: 57507
288th: 10 { 109 106 91 75 72 69 55 52 37 34 }   support: 0.851237  frequency: 57507
289th: 10 { 127 124 91 75 55 37 34 19 16 13 }   support: 0.851237  frequency: 57507
290th: 9 { 127 109 75 72 55 52 19 16 13 }   support: 0.851222  frequency: 57506
291th: 12 { 127 124 91 88 75 72 55 52 37 34 19 16 }   support: 0.851222  frequency: 57506
292th: 7 { 109 106 103 55 52 49 19 }   support: 0.851207  frequency: 57505
293th: 9 { 127 91 88 85 75 72 37 34 31 }   support: 0.851207  frequency: 57505
294th: 11 { 127 124 109 106 91 75 72 37 34 31 19 }   support: 0.851192  frequency: 57504
295th: 11 { 127 124 109 91 88 85 82 75 72 55 52 }   support: 0.851192  frequency: 57504
296th: 13 { 127 124 109 106 103 91 88 85 75 72 55 37 34 }   support: 0.851178  frequency: 57503
297th: 10 { 127 109 106 103 91 75 55 37 34 31 }   support: 0.851178  frequency: 57503
298th: 10 { 127 124 109 75 55 37 34 19 16 13 }   support: 0.851178  frequency: 57503
299th: 8 { 127 124 121 118 109 106 91 88 }   support: 0.851163  frequency: 57502
300th: 10 { 127 124 121 75 72 55 52 37 34 19 }   support: 0.851148  frequency: 57501
301th: 8 { 127 124 91 55 52 49 19 16 }   support: 0.851133  frequency: 57500
302th: 13 { 127 124 109 106 103 91 88 85 75 72 37 34 19 }   support: 0.851118  frequency: 57499
303th: 13 { 127 124 109 106 91 88 75 72 69 55 37 34 19 }   support: 0.851118  frequency: 57499
304th: 10 { 127 109 106 103 91 75 37 34 31 19 }   support: 0.851118  frequency: 57499
305th: 10 { 127 109 106 75 72 69 55 52 37 34 }   support: 0.851118  frequency: 57499
306th: 9 { 127 124 109 106 103 100 75 72 55 }   support: 0.851104  frequency: 57498
307th: 8 { 109 106 103 100 91 55 19 16 }   support: 0.851104  frequency: 57498
308th: 10 { 127 109 91 88 85 82 55 52 19 16 }   support: 0.851074  frequency: 57496
309th: 9 { 127 124 109 106 103 100 75 72 37 }   support: 0.851074  frequency: 57496
310th: 8 { 127 124 109 55 52 49 19 16 }   support: 0.851074  frequency: 57496
311th: 8 { 109 106 103 100 91 37 19 16 }   support: 0.851074  frequency: 57496
312th: 9 { 91 88 85 75 72 55 19 16 13 }   support: 0.851044  frequency: 57494
313th: 9 { 127 124 109 106 103 100 75 72 19 }   support: 0.851044  frequency: 57494
314th: 11 { 127 109 106 91 88 75 37 34 19 16 13 }   support: 0.851015  frequency: 57492
315th: 9 { 91 88 85 75 72 37 19 16 13 }   support: 0.851015  frequency: 57492
316th: 8 { 127 109 106 103 100 55 19 16 }   support: 0.850985  frequency: 57490
317th: 10 { 127 109 106 91 88 85 75 55 52 49 }   support: 0.850985  frequency: 57490
318th: 8 { 91 88 75 55 52 49 19 16 }   support: 0.850985  frequency: 57490
319th: 9 { 127 109 106 103 100 91 75 55 52 }   support: 0.85097  frequency: 57489
320th: 10 { 109 106 103 91 75 72 69 55 19 16 }   support: 0.85097  frequency: 57489
321th: 12 { 127 109 91 88 85 75 72 69 55 37 19 16 }   support: 0.85097  frequency: 57489
322th: 8 { 127 109 106 103 100 37 19 16 }   support: 0.850955  frequency: 57488
323th: 10 { 109 106 103 91 75 55 37 19 16 13 }   support: 0.850955  frequency: 57488
324th: 10 { 127 124 121 91 88 85 55 52 19 16 }   support: 0.850955  frequency: 57488
325th: 10 { 109 106 103 91 75 72 69 37 19 16 }   support: 0.850941  frequency: 57487
326th: 8 { 127 124 121 75 72 69 37 34 }   support: 0.850941  frequency: 57487
327th: 10 { 127 109 106 91 55 37 34 31 19 16 }   support: 0.850941  frequency: 57487
328th: 11 { 127 124 109 106 75 72 55 37 19 16 13 }   support: 0.850941  frequency: 57487
329th: 11 { 127 124 121 109 91 88 85 82 55 37 19 }   support: 0.850926  frequency: 57486
330th: 6 { 127 124 121 55 52 49 }   support: 0.850896  frequency: 57484
331th: 10 { 127 109 91 75 72 37 34 19 16 13 }   support: 0.850881  frequency: 57483
332th: 9 { 127 124 121 109 91 75 37 34 31 }   support: 0.850881  frequency: 57483
333th: 9 { 127 124 75 72 69 55 52 37 34 }   support: 0.850867  frequency: 57482
334th: 12 { 127 109 106 103 91 88 85 55 37 34 19 16 }   support: 0.850867  frequency: 57482
335th: 10 { 127 109 106 103 75 72 69 55 19 16 }   support: 0.850852  frequency: 57481
336th: 10 { 127 109 106 103 75 55 37 19 16 13 }   support: 0.850837  frequency: 57480
337th: 11 { 127 124 121 91 75 72 55 52 37 19 16 }   support: 0.850837  frequency: 57480
338th: 10 { 127 109 106 103 75 72 69 37 19 16 }   support: 0.850822  frequency: 57479
339th: 11 { 127 124 109 106 91 88 55 52 49 37 19 }   support: 0.850793  frequency: 57477
340th: 11 { 127 124 121 109 75 72 55 52 37 19 16 }   support: 0.850778  frequency: 57476
341th: 11 { 127 124 109 106 91 88 75 72 37 34 31 }   support: 0.850778  frequency: 57476
342th: 11 { 127 109 106 91 75 72 69 55 52 19 16 }   support: 0.850778  frequency: 57476
343th: 10 { 127 124 91 88 75 37 34 19 16 13 }   support: 0.850763  frequency: 57475
344th: 8 { 109 106 103 55 37 34 31 19 }   support: 0.850748  frequency: 57474
345th: 12 { 127 124 121 109 106 91 75 72 69 55 37 19 }   support: 0.850733  frequency: 57473
346th: 12 { 109 106 103 91 88 75 72 55 52 37 19 16 }   support: 0.850733  frequency: 57473
347th: 9 { 127 124 91 88 85 75 55 52 49 }   support: 0.850733  frequency: 57473
348th: 10 { 127 109 106 103 91 88 75 37 34 31 }   support: 0.850704  frequency: 57471
349th: 9 { 127 124 91 55 37 34 31 19 16 }   support: 0.850689  frequency: 57470
350th: 10 { 127 124 109 106 103 91 55 19 16 13 }   support: 0.850659  frequency: 57468
351th: 10 { 109 106 103 75 55 52 37 34 19 16 }   support: 0.850659  frequency: 57468
352th: 9 { 127 124 121 91 75 55 19 16 13 }   support: 0.850645  frequency: 57467
353th: 8 { 109 106 103 100 91 88 19 16 }   support: 0.85063  frequency: 57466
354th: 10 { 127 109 91 88 55 52 37 34 31 19 }   support: 0.85063  frequency: 57466
355th: 10 { 127 124 109 106 103 91 37 19 16 13 }   support: 0.85063  frequency: 57466
356th: 9 { 127 124 109 55 37 34 31 19 16 }   support: 0.85063  frequency: 57466
357th: 10 { 91 88 85 82 75 72 55 37 34 19 }   support: 0.85063  frequency: 57466
358th: 12 { 127 124 109 106 103 91 88 85 82 75 55 37 }   support: 0.85063  frequency: 57466
359th: 9 { 109 106 103 100 91 88 85 75 55 }   support: 0.850615  frequency: 57465
360th: 9 { 127 124 121 91 75 37 19 16 13 }   support: 0.850615  frequency: 57465
361th: 13 { 127 124 121 109 106 91 88 75 55 37 34 19 16 }   support: 0.8506  frequency: 57464
362th: 12 { 127 124 109 106 103 91 88 85 82 75 55 19 }   support: 0.8506  frequency: 57464
363th: 9 { 127 124 121 91 75 72 69 19 16 }   support: 0.8506  frequency: 57464
364th: 9 { 127 124 121 109 75 55 19 16 13 }   support: 0.850585  frequency: 57463
365th: 9 { 109 106 103 100 91 88 85 75 37 }   support: 0.850585  frequency: 57463
366th: 7 { 109 106 103 100 55 52 37 }   support: 0.850571  frequency: 57462
367th: 12 { 127 124 109 106 103 91 88 85 82 75 37 19 }   support: 0.850571  frequency: 57462
368th: 11 { 127 124 121 109 91 88 85 37 34 19 16 }   support: 0.850556  frequency: 57461
369th: 11 { 127 109 106 91 75 55 52 37 19 16 13 }   support: 0.850556  frequency: 57461
370th: 10 { 127 124 109 91 75 55 52 37 34 31 }   support: 0.850556  frequency: 57461
371th: 9 { 109 106 103 100 91 88 85 75 19 }   support: 0.850556  frequency: 57461
372th: 9 { 127 124 121 109 75 37 19 16 13 }   support: 0.850556  frequency: 57461
373th: 7 { 109 106 103 100 55 52 19 }   support: 0.850541  frequency: 57460
374th: 12 { 127 124 109 106 91 88 85 82 55 37 19 16 }   support: 0.850541  frequency: 57460
375th: 9 { 127 124 121 109 75 72 69 19 16 }   support: 0.850541  frequency: 57460
376th: 9 { 91 88 75 55 37 34 31 19 16 }   support: 0.850541  frequency: 57460
377th: 10 { 127 124 91 75 72 69 55 52 19 16 }   support: 0.850526  frequency: 57459
378th: 11 { 127 109 106 91 88 85 75 55 37 34 31 }   support: 0.850511  frequency: 57458
379th: 10 { 109 91 88 75 72 55 52 49 37 19 }   support: 0.850511  frequency: 57458
380th: 10 { 109 106 103 91 88 75 55 19 16 13 }   support: 0.850511  frequency: 57458
381th: 10 { 109 106 103 91 88 75 72 69 19 16 }   support: 0.850497  frequency: 57457
382th: 8 { 91 75 55 52 49 37 34 19 }   support: 0.850497  frequency: 57457
383th: 10 { 109 106 103 91 88 75 37 19 16 13 }   support: 0.850482  frequency: 57456
384th: 9 { 127 109 106 91 55 52 49 37 34 }   support: 0.850482  frequency: 57456
385th: 12 { 127 124 109 91 88 85 55 52 37 34 19 16 }   support: 0.850482  frequency: 57456
386th: 10 { 127 124 109 75 72 69 55 52 19 16 }   support: 0.850467  frequency: 57455
387th: 12 { 127 124 121 109 91 75 72 55 37 34 19 16 }   support: 0.850467  frequency: 57455
388th: 10 { 127 109 106 91 88 37 34 31 19 16 }   support: 0.850467  frequency: 57455
389th: 11 { 109 91 88 85 75 72 69 55 52 37 19 }   support: 0.850467  frequency: 57455
390th: 10 { 127 91 88 75 72 55 52 49 37 19 }   support: 0.850452  frequency: 57454
391th: 11 { 127 109 106 91 88 85 75 37 34 31 19 }   support: 0.850452  frequency: 57454
392th: 7 { 127 124 121 55 37 34 31 }   support: 0.850452  frequency: 57454
393th: 9 { 109 106 91 55 52 37 34 31 19 }   support: 0.850437  frequency: 57453
394th: 8 { 109 75 55 52 49 37 34 19 }   support: 0.850437  frequency: 57453
395th: 11 { 127 91 88 85 75 72 69 55 52 37 19 }   support: 0.850408  frequency: 57451
396th: 11 { 127 124 121 91 88 75 72 55 52 19 16 }   support: 0.850393  frequency: 57450
397th: 7 { 127 124 121 37 34 31 19 }   support: 0.850393  frequency: 57450
398th: 8 { 127 75 55 52 49 37 34 19 }   support: 0.850378  frequency: 57449
399th: 9 { 109 106 103 75 72 69 55 52 37 }   support: 0.850378  frequency: 57449
400th: 11 { 109 106 103 91 88 85 55 52 37 34 19 }   support: 0.850363  frequency: 57448
401th: 9 { 109 106 103 75 72 69 55 52 19 }   support: 0.850349  frequency: 57447
402th: 12 { 127 124 121 109 106 103 91 88 85 75 72 55 }   support: 0.850349  frequency: 57447
403th: 11 { 109 106 91 88 85 75 72 69 55 19 16 }   support: 0.850334  frequency: 57446
404th: 9 { 127 109 106 55 52 37 34 31 19 }   support: 0.850319  frequency: 57445
405th: 11 { 109 106 91 88 85 75 55 37 19 16 13 }   support: 0.850319  frequency: 57445
406th: 12 { 127 124 121 109 106 91 88 75 72 69 55 37 }   support: 0.850319  frequency: 57445
407th: 12 { 127 124 121 109 106 103 91 88 85 75 72 37 }   support: 0.850319  frequency: 57445
408th: 8 { 127 124 121 118 91 75 55 37 }   support: 0.850319  frequency: 57445
409th: 11 { 109 106 91 88 85 75 72 69 37 19 16 }   support: 0.850304  frequency: 57444
410th: 10 { 127 124 91 75 55 52 37 19 16 13 }   support: 0.850304  frequency: 57444
411th: 13 { 127 109 106 103 91 88 75 72 55 37 34 19 16 }   support: 0.850304  frequency: 57444
412th: 8 { 127 124 121 118 91 75 55 19 }   support: 0.850289  frequency: 57443
413th: 12 { 127 124 121 109 106 91 88 75 72 69 55 19 }   support: 0.850289  frequency: 57443
414th: 9 { 127 124 109 106 103 100 91 88 85 }   support: 0.850289  frequency: 57443
415th: 12 { 127 124 121 109 106 103 91 88 85 75 72 19 }   support: 0.850289  frequency: 57443
416th: 12 { 127 124 121 109 106 91 88 75 72 69 37 19 }   support: 0.85026  frequency: 57441
417th: 10 { 127 124 91 88 85 75 55 37 34 31 }   support: 0.85026  frequency: 57441
418th: 8 { 127 124 121 118 109 75 55 37 }   support: 0.85026  frequency: 57441
419th: 11 { 109 91 88 85 82 75 72 55 37 19 16 }   support: 0.85026  frequency: 57441
420th: 8 { 109 106 103 100 91 55 37 34 }   support: 0.85026  frequency: 57441
421th: 8 { 127 124 121 118 91 75 37 19 }   support: 0.85026  frequency: 57441
422th: 10 { 127 124 109 75 55 52 37 19 16 13 }   support: 0.850245  frequency: 57440
423th: 13 { 127 124 109 106 103 91 88 85 75 72 55 52 37 }   support: 0.850245  frequency: 57440
424th: 8 { 127 124 121 118 109 75 55 19 }   support: 0.85023  frequency: 57439
425th: 8 { 127 124 91 55 52 49 37 34 }   support: 0.85023  frequency: 57439
426th: 13 { 127 124 109 106 103 91 88 85 75 72 55 52 19 }   support: 0.850215  frequency: 57438
427th: 9 { 127 124 91 88 37 34 31 19 16 }   support: 0.850215  frequency: 57438
428th: 8 { 127 124 121 118 109 75 37 19 }   support: 0.850201  frequency: 57437
429th: 8 { 109 106 103 100 91 37 34 19 }   support: 0.850201  frequency: 57437
430th: 10 { 127 124 91 88 85 75 37 34 31 19 }   support: 0.850201  frequency: 57437
431th: 11 { 127 91 88 85 82 75 72 55 37 19 16 }   support: 0.850201  frequency: 57437
432th: 9 { 109 106 75 72 55 52 49 37 19 }   support: 0.850201  frequency: 57437
433th: 13 { 127 124 109 106 91 88 75 72 69 55 52 37 19 }   support: 0.850186  frequency: 57436
434th: 10 { 127 124 109 106 103 91 88 19 16 13 }   support: 0.850186  frequency: 57436
435th: 10 { 127 109 91 88 85 82 55 52 37 34 }   support: 0.850171  frequency: 57435
436th: 8 { 127 124 109 55 52 49 37 34 }   support: 0.850171  frequency: 57435
437th: 9 { 127 124 121 91 88 75 19 16 13 }   support: 0.850171  frequency: 57435
438th: 8 { 127 109 106 103 100 55 37 34 }   support: 0.850141  frequency: 57433
439th: 9 { 109 91 75 55 52 49 37 19 16 }   support: 0.850127  frequency: 57432
440th: 11 { 127 124 109 91 75 72 69 37 34 19 16 }   support: 0.850127  frequency: 57432
441th: 11 { 127 109 106 91 88 75 55 52 19 16 13 }   support: 0.850112  frequency: 57431
442th: 8 { 127 109 106 103 100 37 34 19 }   support: 0.850082  frequency: 57429
443th: 8 { 91 88 75 55 52 49 37 34 }   support: 0.850082  frequency: 57429
444th: 10 { 109 106 103 91 75 72 69 55 37 34 }   support: 0.850067  frequency: 57428
445th: 9 { 127 91 75 55 52 49 37 19 16 }   support: 0.850067  frequency: 57428
446th: 8 { 127 124 55 52 37 34 31 19 }   support: 0.850067  frequency: 57428
447th: 10 { 127 124 121 91 88 85 55 52 37 34 }   support: 0.850053  frequency: 57427
448th: 8 { 127 124 121 75 72 69 55 52 }   support: 0.850038  frequency: 57426
449th: 12 { 127 109 91 88 85 75 72 69 55 37 34 19 }   support: 0.850038  frequency: 57426
450th: 11 { 127 124 109 106 91 88 85 55 19 16 13 }   support: 0.850023  frequency: 57425
451th: 9 { 109 106 91 88 55 52 37 34 31 }   support: 0.850023  frequency: 57425
452th: 10 { 109 106 103 91 75 72 69 37 34 19 }   support: 0.850008  frequency: 57424
453th: 11 { 127 124 109 106 103 91 88 85 75 72 69 }   support: 0.850008  frequency: 57424
454th: 9 { 127 109 75 55 52 49 37 19 16 }   support: 0.850008  frequency: 57424
==================================================================
